$ 1 0.000005 8.281975887399955 50 5 43
R 160 192 96 192 0 1 40 5 0 0 0.5
174 160 192 224 272 1 100000 0.005 Resistance
r 224 240 224 192 0 47000
r 224 288 224 240 0 47000
g 160 288 160 320 0
g 224 288 224 320 0
w 160 192 224 192 0
r 224 192 336 192 0 100000
a 336 208 448 208 8 15 -15 1000000 -4.2411313734222995 -4.241173126998357 100000
r 336 128 448 128 0 100000
w 336 128 336 192 0
w 448 128 448 208 0
w 224 240 336 224 0
R 160 592 96 592 0 0 40 10 0 0 0.5
w 224 432 336 416 0
w 448 320 448 400 0
w 336 320 336 384 0
r 336 320 448 320 0 100000
a 336 400 448 400 8 15 -15 1000000 -2.483484766839383 -2.483509216534752 100000
r 224 384 336 384 0 100000
w 160 384 224 384 0
g 224 480 224 512 0
g 160 480 160 512 0
r 224 480 224 432 0 47000
r 224 432 224 384 0 47000
174 160 384 224 464 1 100000 0.005 Resistance
R 160 384 96 384 0 4 60 5 0 1.5707963267948966 0.5
w 224 640 336 624 0
w 448 528 448 608 0
w 336 528 336 592 0
r 336 528 448 528 0 100000
a 336 608 448 608 8 15 -15 1000000 5.241058405991359 5.241063227159479 100000
r 224 592 336 592 0 100000
w 160 592 224 592 0
g 224 688 224 720 0
g 160 688 160 720 0
r 224 688 224 640 0 47000
r 224 640 224 592 0 47000
174 160 592 224 672 1 100000 0.45050000000000007 Resistance
R 64 736 0 736 0 3 70 5 0 0 0.5
d 560 208 448 208 2 default
d 560 400 448 400 2 default
d 560 608 448 608 2 default
r 480 736 560 736 0 220000
w 560 608 560 400 0
w 560 400 560 208 0
a 560 192 672 192 8 15 -15 1000000 -3.8624145247616006 -3.862456275470378 100000
d 560 128 672 128 2 default
w 560 176 560 128 0
w 672 192 672 128 0
r 560 128 560 64 0 220000
R 560 64 496 64 0 0 40 12 0 0 0.5
O 768 192 848 192 0
w 560 736 560 672 0
w 560 672 560 608 0
r 672 192 768 192 0 180
R 480 736 416 736 0 0 40 12 0 0 0.5
g 112 640 32 640 0
162 704 224 704 320 2 default-led 1 0 0 0.01
162 672 320 672 224 2 default-led 1 0 0 0.01
w 672 224 704 224 0
w 672 320 704 320 0
w 672 224 672 192 0
g 672 368 672 384 0
r 672 320 672 368 0 3300
w 912 608 912 576 0
r 912 576 1008 576 0 180
O 1008 576 1088 576 0
R 800 448 736 448 0 0 40 -12 0 0 0.5
r 800 512 800 448 0 220000
w 912 576 912 512 0
w 800 560 800 512 0
d 912 512 800 512 2 default
a 800 576 912 576 8 15 -15 1000000 0.1827534063194258 0.1827582242559116 100000
r 912 704 912 752 0 3300
g 912 752 912 768 0
w 912 704 944 704 0
w 912 608 944 608 0
162 912 704 912 608 2 default-led 1 0 0 0.01
162 944 608 944 704 2 default-led 1 0 0 0.01
w 448 608 448 688 0
w 608 688 448 688 0
d 608 688 672 688 2 default
w 448 400 608 624 0
d 608 624 672 624 2 default
w 448 208 608 560 0
d 608 560 672 560 2 default
R 592 800 528 800 0 0 40 -12 0 0 0.5
r 592 800 672 800 0 220000
w 672 800 672 688 0
w 672 624 672 688 0
w 672 560 672 624 0
w 672 624 800 592 0
o 11 64 0 4099 5 0.00009765625 0 3 15 0 80 0
o 67 64 0 4098 5 0.1 1 2 52 0
