$ 1 0.000005 1.700203994009402 50 5 43
a 256 176 400 176 9 15 -15 1000000 0 0 100000
r 256 160 176 160 0 3300
r 256 112 400 112 0 47000
w 256 112 256 160 0
r 400 176 480 176 0 10000
w 400 112 480 112 0
w 480 176 480 112 0
O 480 176 544 176 0
34 5.6 0 1.7143528192808883e-7 0 2 5.6
z 480 256 480 176 2 5.6
g 480 256 480 288 0
162 368 224 368 272 2 default-led 1 0 0 0.01
162 400 272 400 224 2 default-led 1 0 0 0.01
w 368 224 400 224 0
w 368 272 400 272 0
w 400 176 400 224 0
r 400 272 400 320 0 13300
g 400 320 400 352 0
R 176 160 112 160 0 3 270 5 0 0 0.5
R 160 256 160 288 0 0 40 10 0 0 0.5
R 224 256 224 288 0 0 40 -10 0 0 0.5
174 160 256 224 256 1 10000 0.5 Resistance
w 192 240 192 192 0
w 256 192 192 192 0
o 7 2 0 12802 0.0001 0.0001 0 4 17 0 21 0 21 3
